$  1   ||  2   ||  3   ||  4   ||  5   ||  6   ||  7   ||  8   ||  9   ||  10  |
MPC     9000000050000001       1     -1.  600620       1      1.
MPC     9000000050000001       2     -1.  600620       2      1.
MPC     9000000050000001       3     -1.  600620       3      1.
MPC     9000000050000001       4     -1.  600620       4      1.
MPC     9000000050000001       5     -1.  600620       5      1.
MPC     9000000050000001       6     -1.  600620       6      1.
MPC     9000000050000002       1     -1.  610620       1      1.
MPC     9000000050000002       2     -1.  610620       2      1.
MPC     9000000050000002       3     -1.  610620       3      1.
MPC     9000000050000002       4     -1.  610620       4      1.
MPC     9000000050000002       5     -1.  610620       5      1.
MPC     9000000050000002       6     -1.  610620       6      1.
MPC     9000000050000003       1     -1.  620620       1      1.
MPC     9000000050000003       2     -1.  620620       2      1.
MPC     9000000050000003       3     -1.  620620       3      1.
MPC     9000000050000003       4     -1.  620620       4      1.
MPC     9000000050000003       5     -1.  620620       5      1.
MPC     9000000050000003       6     -1.  620620       6      1.
MPC     9000000050000004       1     -1.  630620       1      1.
MPC     9000000050000004       2     -1.  630620       2      1.
MPC     9000000050000004       3     -1.  630620       3      1.
MPC     9000000050000417       4     -1.10800390       4      1.
MPC     9000000050000417       5     -1.10800390       5      1.
MPC     9000000050000417       6     -1.10800390       6      1.
MPC     9000000050000379       1     -1.50000417       1      1.
MPC     9000000050000379       2     -1.50000417       2      1.
MPC     9000000050000379       3     -1.50000417       3      1.
MPC     9000000050000379       4     -1.50000417       4      1.
MPC     9000000050000379       5     -1.50000417       5      1.
MPC     9000000050000379       6     -1.50000417       6      1.
MPC     9000000050000460       1     -1.10800320       1      1.
MPC     9000000050000460       2     -1.10800320       2      1.
MPC     9000000050000460       3     -1.10800320       3      1.
MPC     9000000050000460       4     -1.10800320       4      1.
MPC     9000000050000460       5     -1.10800320       5      1.
MPC     9000000050000460       6     -1.10800320       6      1.
MPC     9000000050000456       1     -1.50000460       1      1.
MPC     9000000050000456       2     -1.50000460       2      1.
MPC     9000000050000456       3     -1.50000460       3      1.
MPC     9000000050000456       4     -1.50000460       4      1.
MPC     9000000050000456       5     -1.50000460       5      1.
MPC     9000000050000456       6     -1.50000460       6      1.
MPC     9000000050000461       1     -1.10800330       1      1.
MPC     9000000050000461       2     -1.10800330       2      1.
MPC     9000000050000461       3     -1.10800330       3      1.
MPC     9000000050000461       4     -1.10800330       4      1.
MPC     9000000050000461       5     -1.10800330       5      1.
MPC     9000000050000461       6     -1.10800330       6      1.
MPC     9000000050000457       1     -1.50000461       1      1.
MPC     9000000050000457       2     -1.50000461       2      1.
MPC     9000000050000457       3     -1.50000461       3      1.
MPC     9000000050000457       4     -1.50000461       4      1.
MPC     9000000050000457       5     -1.50000461       5      1.
MPC     9000000050000457       6     -1.50000461       6      1.
MPC     9000000050000462       1     -1.10800280       1      1.
MPC     9000000050000462       2     -1.10800280       2      1.
MPC     9000000050000462       3     -1.10800280       3      1.
MPC     9000000050000462       4     -1.10800280       4      1.
MPC     9000000050000462       5     -1.10800280       5      1.
MPC     9000000050000462       6     -1.10800280       6      1.
MPC     9000000050000458       1     -1.50000462       1      1.
MPC     9000000050000458       2     -1.50000462       2      1.
MPC     9000000050000458       3     -1.50000462       3      1.
MPC     9000000050000458       4     -1.50000462       4      1.
MPC     9000000050000458       5     -1.50000462       5      1.
MPC     9000000050000458       6     -1.50000462       6      1.
MPC     9000000050000463       1     -1.10800290       1      1.
MPC     9000000050000463       2     -1.10800290       2      1.
MPC     9000000050000463       3     -1.10800290       3      1.
MPC     9000000050000463       4     -1.10800290       4      1.
MPC     9000000050000463       5     -1.10800290       5      1.
MPC     9000000050000463       6     -1.10800290       6      1.
MPC     9000000050000459       1     -1.50000463       1      1.
MPC     9000000050000459       2     -1.50000463       2      1.
MPC     9000000050000459       3     -1.50000463       3      1.
MPC     9000000050000459       4     -1.50000463       4      1.
MPC     9000000050000459       5     -1.50000463       5      1.
MPC     9000000050000459       6     -1.50000463       6      1.
$  1   ||  2   ||  3   ||  4   ||  5   ||  6   ||  7   ||  8   ||  9   ||  10  |